6.688438434228721974e+00,6.397856277369173839e+00,5.884080603349882921e+00,-1.377007041613875493e-01,-9.039319889561331367e-02,-2.161609152299987180e+00,-1.143343019996329701e+00,-1.143236069851781833e+00,2.791647117437695336e+00
6.397856277369173839e+00,9.048040111575778255e+00,7.146255024661089195e+00,1.091542717362193327e-01,-1.604249159124558899e-01,-2.646751810039806863e+00,-8.558868930850173085e-01,-1.186933873425983776e+00,3.881486496829622546e+00
5.884080603349882921e+00,7.146255024661089195e+00,2.486799014438608779e+01,9.727829481332757044e-01,9.045586301669885643e-01,-8.426480583570484129e+00,-5.828640009853792492e+00,-6.118489411987269477e+00,4.709642188496577120e+00
-1.377007041613875493e-01,1.091542717362193327e-01,9.727829481332757044e-01,9.389181746439942966e-01,9.196259506751953694e-01,2.095506849290808618e-02,-4.080503028524125053e-01,-4.528613434896798795e-01,8.694957013992491435e-01
-9.039319889561331367e-02,-1.604249159124558899e-01,9.045586301669885643e-01,9.196259506751953694e-01,1.021362734650011150e+00,7.057577222590091792e-02,-3.724242671348910738e-01,-5.687555791701238705e-01,8.123353073651989886e-01
-2.161609152299987180e+00,-2.646751810039806863e+00,-8.426480583570484129e+00,2.095506849290808618e-02,7.057577222590091792e-02,4.840260674491235093e+00,2.762728457598279341e+00,2.822716714162695428e+00,-3.799622403426551998e+00
-1.143343019996329701e+00,-8.558868930850173085e-01,-5.828640009853792492e+00,-4.080503028524125053e-01,-3.724242671348910738e-01,2.762728457598279341e+00,4.797154563034023766e+00,4.620338548685600344e+00,6.020387618504448035e-01
-1.143236069851781833e+00,-1.186933873425983776e+00,-6.118489411987269477e+00,-4.528613434896798795e-01,-5.687555791701238705e-01,2.822716714162695428e+00,4.620338548685600344e+00,4.888278445796569116e+00,3.490310316244462085e-01
2.791647117437695336e+00,3.881486496829622546e+00,4.709642188496577120e+00,8.694957013992491435e-01,8.123353073651989886e-01,-3.799622403426551998e+00,6.020387618504448035e-01,3.490310316244462085e-01,8.382555748401562923e+00
